1.200613648009094223e+07
2.830411630033562426e+06
2.053201587945525348e+07
1.606416405437432462e+06
4.785427711691219592e+05
5.704447936091815121e+06
6.888402808581476565e+05
4.822976962648275075e+05
1.907899197557517095e+06
1.133231743120623723e+05
4.191874818052070215e+06
4.964680040924455971e+05
4.190254424391461071e+06
1.847816120300529525e+06
1.463524164274011273e+05
1.168132695153614739e+06
1.589929587014463264e+06
3.150594451288416982e+06
4.078415301496860338e+05
1.231041555908117880e+05
2.118139942533822265e+06
1.181914746344079322e+05
1.183621453739883378e+06
4.787986008351612836e+06
5.787705413655993761e+05
9.576947717047827318e+06
4.095786695197529043e+05
1.099302040762745542e+06
1.744445350340656471e+06
1.470578288270432502e+06
4.950606905744479154e+05
3.469252699764776975e+06
5.676355787455508485e+06
2.496812965150290728e+07
4.650949700965416851e+05
1.463125560705589876e+07
7.774786028600459686e+05
1.288811314475768246e+06
4.542484704794773133e+05
1.017597787970235199e+07
2.684979624563789926e+06
7.236560247428805567e+06
4.600535301561168162e+05
2.036879429725100927e+05
3.453328361794016324e+06
1.084953556474757567e+07
6.563991613536772318e+06
3.444738799788645701e+05
9.951690263365891296e+05
1.477776458474921295e+06
1.527906843157909112e+06
2.278928081225022033e+05
4.057196856301464140e+06
2.184954769768686965e+05
2.127744809498507995e+06
3.523633520916176494e+05
5.847293956225764938e+06
4.574810187747070566e+06
2.960107006681869738e+06
6.965368524243837455e+05
1.098525479849311337e+07
4.080303816773159429e+06
3.985813671622302849e+06
3.187919588931556209e+05
3.457243824477855815e+05
2.808253006468061823e+06
3.829022847242002608e+05
1.382955468802104145e+07
6.569874449057378806e+05
9.052024174453183077e+05
2.675281144582160632e+05
2.525160471596767893e+05
3.448455856058348436e+05
1.606923457553095184e+06
7.997117041924273362e+05
1.960364984945060918e+06
8.543991405930991750e+05
1.070531013817640767e+07
1.947727287455903366e+06
3.754159349644590635e+06
2.219798090330658946e+06
7.460394512330316007e+06
4.392674766013305634e+06
8.100284727924449369e+06
3.009953482883971650e+06
3.100984299006958609e+05
4.324168174868089845e+05
9.320106562673165463e+05
4.433850502594143618e+05
1.482518700868601445e+06
8.788451057519251481e+05
2.237494003990852740e+06
2.913647457849225495e+06
2.157384251184279565e+05
2.968795689961336320e+05
1.969671526796121616e+05
4.728206800497706980e+06
1.979714078277111985e+06
1.152606540115016513e+06
5.433729506309034768e+05
1.659677869060724974e+06
3.155065237767162034e+05
3.471414265067614033e+05
5.756299468610943295e+06
6.790651271216528490e+06
1.080223807269764133e+06
2.615068086294370703e+06
2.730378868814310059e+06
2.601087724735914089e+05
6.457807357631949708e+05
6.699267416563929990e+06
3.388438322001998313e+05
8.309805021394599229e+06
3.907747597173505463e+06
1.555735625760361552e+06
7.606029874051476363e+05
5.323982333236490376e+05
2.419792850863895379e+06
3.747632460659708828e+06
1.438879349459968973e+06
8.534064773542875424e+06
1.468030817803028971e+06
3.825290708663857542e+06
1.699625502182429482e+05
7.237020593529646285e+05
3.115715312384864315e+06
2.616677016171099676e+05
7.606539080223543569e+06
1.573834469240869395e+06
1.604186557743008016e+06
7.579341108706939267e+05
9.451533405089400709e+06
1.160392774887344241e+07
1.816570632186398434e+05
1.529922236917370465e+05
7.230832835985894781e+05
1.108075887922514789e+07
1.405560462166856742e+05
2.084007551398319192e+05
4.756300064255351899e+05
4.300510272825214081e+06
2.673862687124610413e+06
2.652630238147482742e+05
3.633902544106114656e+05
5.173748185405853204e+06
1.337033731328026624e+05
2.412563619466834352e+05
3.474305909222650342e+06
1.905042820683472091e+05
1.563052098522151646e+05
3.701562400530038285e+05
1.342643237169034255e+05
2.400265442132863100e+05
1.259735852901387028e+06
8.208723983322744258e+06
7.416969054733180674e+05
9.062501068453969434e+06
5.473290885525612161e+06
3.092518147970401216e+06
1.036036873341872171e+07
1.974433058682264294e+06
1.461166777632833831e+07
5.369218336096245795e+06
5.573525530980559997e+05
1.031318209247321240e+06
1.835771267208897322e+07
6.595794688729637710e+04
2.303125879603956826e+06
1.118774785791934235e+06
4.045098681356718298e+06
1.157065637194416486e+06
1.377267855028402060e+06
3.982173604142449331e+06
1.278372031553535489e+06
5.428745549418855458e+06
5.490531750045811757e+06
1.506887643750833720e+07
4.158499199298697058e+05
5.509988466551956953e+05
2.270383079588080756e+06
2.108757671366862953e+06
1.901969871771411563e+05
3.337112675038306043e+06
1.027560513194513042e+06
8.822639430541822687e+06
3.703487751645904500e+05
3.314049660360331088e+07
5.371384013154396089e+05
2.770149845267030969e+07
1.133194084139259532e+06
2.084498914865228813e+06
3.286758846007486805e+06
3.828326656019372749e+05
1.150632860004039714e+06
6.971455130732540274e+05
5.106264106946876273e+05
9.408082279049893841e+06
3.054775671979280887e+05
4.350085792472241446e+06
3.138833604371032561e+05
6.132621481503058458e+05
2.071567206468268111e+07
4.362173674018185586e+06
7.366395740502039553e+04
1.566987732700480521e+07
4.427978280541476561e+05
1.968913259784539416e+07
5.697156177671666257e+06
1.225607346978215268e+06
1.558730496421490051e+07
1.820775798748200759e+06
1.797436394173950888e+06
1.043924397038486670e+06
4.721329909900345374e+05
1.787125502387934539e+05
8.152814030286836205e+05
1.519413829958891682e+07
3.139811347749868408e+06
1.958348823740525404e+05
1.226414083611074835e+06
8.752654455495862290e+06
8.848032831011271104e+06
5.682637945495244348e+05
3.347340210817083134e+05
9.110444771192101762e+06
1.805635659436997666e+05
4.498401202304035425e+06
2.719824920700031798e+05
2.253297121207563672e+06
1.806493423306530807e+06
1.116243728253950103e+05
1.322398949580760382e+05
2.599956169559036382e+06
6.821611542654874735e+06
5.021902953357792459e+06
1.636335730698289350e+07
3.603395410524798790e+05
1.367904544123868691e+06
2.579178099365997768e+05
5.623590309003307484e+05
3.172586305816431995e+05
9.582501322703225305e+05
2.181183576902118511e+06
6.547474930810388178e+05
1.331391655716660991e+07
5.726335108264455572e+06
1.160340926979029924e+07
1.425751346195584047e+05
4.014199735450333683e+05
3.277756113927491009e+06
